-10 8.00126e+23 2.66831e+15 3.94383e-16 -4.10905e-05 0.0366481 0.153189 4.62247e-14 0.810161 0 2.22952e-06 1.11371e+31 
-9.89899 8.80518e+23 2.93647e+15 3.60071e-16 -4.50555e-05 0.0397414 0.166119 6.78689e-14 0.794137 0 2.67468e-06 1.00649e+31 
-9.79798 9.68534e+23 3.23006e+15 3.29018e-16 -4.9372e-05 0.0430241 0.179841 9.94817e-14 0.777132 0 3.20337e-06 9.09563e+30 
-9.69697 1.06481e+24 3.55121e+15 3.0091e-16 -5.40669e-05 0.0464956 0.194352 1.45562e-13 0.759149 0 3.8298e-06 8.21955e+30 
-9.59596 1.17004e+24 3.9022e+15 2.75459e-16 -5.91692e-05 0.0501536 0.209642 2.1259e-13 0.7402 0 4.57019e-06 7.42767e+30 
-9.49495 1.28493e+24 4.28543e+15 2.52408e-16 -6.47099e-05 0.0539933 0.225692 3.09874e-13 0.720309 0 5.44303e-06 6.7119e+30 
-9.39394 1.41024e+24 4.70344e+15 2.31524e-16 -7.07224e-05 0.0580077 0.242472 4.50749e-13 0.699514 0 6.46925e-06 6.06492e+30 
-9.29293 1.54679e+24 5.15891e+15 2.12596e-16 -7.72426e-05 0.062187 0.259942 6.54264e-13 0.677864 0 7.67249e-06 5.48014e+30 
-9.19192 1.69541e+24 5.65466e+15 1.95433e-16 -8.43095e-05 0.0665191 0.27805 9.47555e-13 0.655422 0 9.07928e-06 4.95158e+30 
-9.09091 1.85699e+24 6.19362e+15 1.79863e-16 -9.19658e-05 0.0709892 0.296735 1.36916e-12 0.632265 0 1.07193e-05 4.47383e+30 
-8.9899 2.03245e+24 6.7789e+15 1.65729e-16 -0.000100258 0.0755803 0.315926 1.97368e-12 0.608481 0 1.26255e-05 4.04202e+30 
-8.88889 2.22276e+24 7.4137e+15 1.52892e-16 -0.000109238 0.080273 0.335541 2.83819e-12 0.584171 0 1.48347e-05 3.65174e+30 
-8.78788 2.42891e+24 8.10136e+15 1.41224e-16 -0.000118962 0.0850461 0.355493 4.07127e-12 0.559444 0 1.73873e-05 3.29899e+30 
-8.68687 2.65196e+24 8.84537e+15 1.3061e-16 -0.000129494 0.0898767 0.375685 5.82542e-12 0.534418 0 2.03279e-05 2.98018e+30 
-8.58586 2.89298e+24 9.64932e+15 1.20948e-16 -0.000140904 0.094741 0.396017 8.31424e-12 0.509218 0 2.37056e-05 2.69204e+30 
-8.48485 3.15309e+24 1.05169e+16 1.12143e-16 -0.000153273 0.0996142 0.416387 1.18361e-11 0.483971 0 2.75742e-05 2.43163e+30 
-8.38384 3.43343e+24 1.14521e+16 1.04112e-16 -0.000166687 0.104472 0.436691 1.68071e-11 0.458805 0 3.19925e-05 2.19629e+30 
-8.28283 3.73521e+24 1.24587e+16 9.67781e-17 -0.000181249 0.109289 0.456827 2.38053e-11 0.433847 0 3.70249e-05 1.9836e+30 
-8.18182 4.05965e+24 1.35409e+16 9.00739e-17 -0.000197069 0.114042 0.476695 3.3633e-11 0.409221 0 4.27416e-05 1.7914e+30 
-8.08081 4.40802e+24 1.4703e+16 8.39375e-17 -0.000214273 0.118708 0.496201 4.74011e-11 0.385041 0 4.92194e-05 1.61771e+30 
-7.9798 4.78163e+24 1.59492e+16 7.83137e-17 -0.000233002 0.123268 0.51526 6.6644e-11 0.361416 0 5.65422e-05 1.46075e+30 
-7.87879 5.18183e+24 1.72841e+16 7.31528e-17 -0.000253416 0.127701 0.533792 9.34783e-11 0.338442 0 6.48017e-05 1.31893e+30 
-7.77778 5.61002e+24 1.87124e+16 6.84101e-17 -0.000275691 0.131992 0.551728 1.30818e-10 0.316206 0 7.40982e-05 1.19078e+30 
-7.67677 6.06763e+24 2.02388e+16 6.40455e-17 -0.000300026 0.136127 0.56901 1.8267e-10 0.294779 0 8.45416e-05 1.07499e+30 
-7.57576 6.55617e+24 2.18684e+16 6.0023e-17 -0.000326642 0.140093 0.585589 2.54534e-10 0.274221 0 9.62525e-05 9.70379e+29 
-7.47475 7.07717e+24 2.36063e+16 5.63104e-17 -0.000355786 0.143882 0.601428 3.53949e-10 0.25458 0 0.000109363 8.75865e+29 
-7.37374 7.63226e+24 2.54578e+16 5.28786e-17 -0.000387732 0.147488 0.6165 4.9124e-10 0.235888 0 0.000124019 7.9048e+29 
-7.27273 8.22309e+24 2.74286e+16 4.97017e-17 -0.000422786 0.150906 0.630788 6.80532e-10 0.218166 0 0.00014038 7.13346e+29 
-7.17172 8.8514e+24 2.95245e+16 4.67563e-17 -0.000461288 0.154135 0.644282 9.41122e-10 0.201424 0 0.000158624 6.43669e+29 
-7.07071 9.51902e+24 3.17514e+16 4.40217e-17 -0.000503612 0.157174 0.656985 1.29936e-09 0.185662 0 0.000178943 5.80733e+29 
-6.9697 1.02278e+25 3.41157e+16 4.1479e-17 -0.000550177 0.160025 0.668904 1.79119e-09 0.170869 0 0.000201554 5.23889e+29 
-6.86869 1.09798e+25 3.66241e+16 3.91115e-17 -0.000601445 0.162692 0.680054 2.46562e-09 0.157027 0 0.000226693 4.7255e+29 
-6.76768 1.1777e+25 3.92833e+16 3.69041e-17 -0.000657926 0.16518 0.690454 3.38939e-09 0.144111 0 0.000254623 4.26187e+29 
-6.66667 1.26217e+25 4.21007e+16 3.48433e-17 -0.000720187 0.167495 0.700129 4.65339e-09 0.132091 0 0.000285634 3.8432e+29 
-6.56566 1.3516e+25 4.50839e+16 3.29169e-17 -0.000788854 0.169643 0.709106 6.38127e-09 0.120931 0 0.000320045 3.46515e+29 
-6.46465 1.44624e+25 4.82407e+16 3.11139e-17 -0.000864619 0.171631 0.717417 8.74122e-09 0.110594 0 0.000358212 3.12382e+29 
-6.36364 1.54634e+25 5.15797e+16 2.94245e-17 -0.000948249 0.173467 0.725094 1.19619e-08 0.101038 0 0.000400526 2.81567e+29 
-6.26263 1.65216e+25 5.51095e+16 2.78398e-17 -0.00104059 0.17516 0.73217 1.63539e-08 0.092222 0 0.000447421 2.53749e+29 
-6.16162 1.76398e+25 5.88394e+16 2.63518e-17 -0.00114257 0.176718 0.73868 2.23393e-08 0.0841029 0 0.000499377 2.28639e+29 
-6.06061 1.88209e+25 6.27791e+16 2.49531e-17 -0.00125524 0.178148 0.744658 3.04912e-08 0.0766378 0 0.000556926 2.05975e+29 
-5.9596 2.00679e+25 6.69388e+16 2.36374e-17 -0.00137973 0.179458 0.750136 4.15875e-08 0.0697844 0 0.000620653 1.85522e+29 
-5.85859 2.13842e+25 7.13294e+16 2.23985e-17 -0.00151731 0.180658 0.75515 5.66839e-08 0.0635014 0 0.00069121 1.67066e+29 
-5.75758 2.2773e+25 7.59621e+16 2.12311e-17 -0.00166937 0.181753 0.759729 7.72129e-08 0.0577485 0 0.000769314 1.50413e+29 
-5.65657 2.4238e+25 8.08488e+16 2.01302e-17 -0.00183746 0.182752 0.763905 1.05117e-07 0.0524872 0 0.000855761 1.35389e+29 
-5.55556 2.5783e+25 8.6002e+16 1.90913e-17 -0.00202328 0.183662 0.767706 1.43033e-07 0.0476805 0 0.000951429 1.21836e+29 
-5.45455 2.74117e+25 9.14351e+16 1.81103e-17 -0.00222873 0.184488 0.771161 1.94531e-07 0.0432935 0 0.00105729 1.09612e+29 
-5.35354 2.91285e+25 9.71618e+16 1.71835e-17 -0.00245587 0.185238 0.774294 2.64457e-07 0.039293 0 0.00117442 9.85885e+28 
-5.25253 3.09378e+25 1.03197e+17 1.63074e-17 -0.00270702 0.185917 0.777131 3.59375e-07 0.035648 0 0.00130401 8.86482e+28 
-5.15152 3.2844e+25 1.09555e+17 1.54787e-17 -0.00298472 0.186529 0.779693 4.88181e-07 0.0323294 0 0.00144736 7.96864e+28 
-5.05051 3.48522e+25 1.16254e+17 1.46946e-17 -0.00329178 0.187082 0.782002 6.62933e-07 0.0293098 0 0.00160594 7.16079e+28 
-4.94949 3.69673e+25 1.23309e+17 1.39524e-17 -0.0036313 0.187578 0.784076 8.99962e-07 0.0265641 0 0.00178135 6.43269e+28 
-4.84848 3.91948e+25 1.30739e+17 1.32496e-17 -0.00400672 0.188022 0.785933 1.22139e-06 0.0240688 0 0.00197535 5.77658e+28 
-4.74747 4.15402e+25 1.38563e+17 1.25838e-17 -0.00442183 0.188418 0.787588 1.6572e-06 0.0218022 0 0.00218991 5.18545e+28 
-4.64646 4.40097e+25 1.468e+17 1.19529e-17 -0.00488079 0.18877 0.789057 2.24796e-06 0.0197443 0 0.00242718 4.65297e+28 
-4.54545 4.66093e+25 1.55471e+17 1.13549e-17 -0.00538825 0.189079 0.790351 3.04863e-06 0.0178766 0 0.00268957 4.17341e+28 
-4.44444 4.93457e+25 1.64599e+17 1.07879e-17 -0.00594929 0.18935 0.791484 4.13362e-06 0.0161822 0 0.0029797 3.74161e+28 
-4.34343 5.22257e+25 1.74206e+17 1.02503e-17 -0.00656954 0.189585 0.792464 5.60366e-06 0.0146456 0 0.00330049 3.3529e+28 
-4.24242 5.52567e+25 1.84316e+17 9.74029e-18 -0.00725521 0.189785 0.7933 7.59512e-06 0.0132525 0 0.00365514 3.00307e+28 
-4.14141 5.84462e+25 1.94955e+17 9.25648e-18 -0.00801316 0.189952 0.794 1.02925e-05 0.0119898 0 0.00404721 2.6883e+28 
-4.0404 6.18023e+25 2.0615e+17 8.79743e-18 -0.00885092 0.190089 0.794571 1.39456e-05 0.0108457 0 0.0044806 2.40516e+28 
-3.93939 6.53334e+25 2.17928e+17 8.36181e-18 -0.00977682 0.190195 0.795017 1.88924e-05 0.00980917 0 0.00495961 2.15054e+28 
-3.83838 6.90483e+25 2.3032e+17 7.94835e-18 -0.0108 0.190273 0.795342 2.55899e-05 0.00887036 0 0.005489 1.92164e+28 
-3.73737 7.29563e+25 2.43355e+17 7.55591e-18 -0.0119306 0.190323 0.795549 3.46566e-05 0.00802022 0 0.00607399 1.71592e+28 
-3.63636 7.70671e+25 2.57067e+17 7.18337e-18 -0.0131797 0.190344 0.795638 4.69287e-05 0.00725048 0 0.00672034 1.53111e+28 
-3.53535 8.13909e+25 2.7149e+17 6.8297e-18 -0.0145595 0.190338 0.795611 6.35372e-05 0.00655366 0 0.00743438 1.36513e+28 
-3.43434 8.59385e+25 2.86659e+17 6.49393e-18 -0.0160834 0.190303 0.795465 8.60109e-05 0.00592293 0 0.00822306 1.21612e+28 
-3.33333 9.0721e+25 3.02612e+17 6.17513e-18 -0.0177661 0.190239 0.795199 0.000116416 0.00535208 0 0.00909402 1.08241e+28 
-3.23232 9.57502e+25 3.19388e+17 5.87245e-18 -0.0196236 0.190145 0.794806 0.000157544 0.00483549 0 0.0100556 9.62466e+27 
-3.13131 1.01038e+26 3.37027e+17 5.58507e-18 -0.0216736 0.19002 0.794282 0.000213167 0.00436803 0 0.0111171 8.54931e+27 
-3.0303 1.06599e+26 3.55574e+17 5.31222e-18 -0.0239351 0.189861 0.793618 0.000288377 0.00394506 0 0.0122884 7.58564e+27 
-2.92929 1.12444e+26 3.75072e+17 5.05319e-18 -0.0264289 0.189665 0.792802 0.000390048 0.00356237 0 0.0135805 6.72251e+27 
-2.82828 1.18589e+26 3.95569e+17 4.80729e-18 -0.0291775 0.189431 0.79182 0.000527455 0.00321613 0 0.0150054 5.94986e+27 
-2.72727 1.25047e+26 4.17112e+17 4.57389e-18 -0.032205 0.189152 0.790656 0.0007131 0.00290286 0 0.0165759 5.25861e+27 
-2.62626 1.31835e+26 4.39754e+17 4.35239e-18 -0.035537 0.188824 0.789286 0.000963833 0.00261942 0 0.0183059 4.64059e+27 
-2.52525 1.38968e+26 4.63546e+17 4.14224e-18 -0.0392006 0.188441 0.787683 0.00130234 0.00236294 0 0.0202105 4.08839e+27 
-2.42424 1.46462e+26 4.88543e+17 3.94292e-18 -0.0432236 0.187993 0.785811 0.00175912 0.00213085 0 0.0223055 3.59538e+27 
-2.32323 1.54334e+26 5.14801e+17 3.75395e-18 -0.0476344 0.18747 0.783626 0.00237514 0.00192077 0 0.0246077 3.15556e+27 
-2.22222 1.62601e+26 5.42378e+17 3.5749e-18 -0.0524602 0.186859 0.781071 0.00320535 0.00173056 0 0.0271344 2.76351e+27 
-2.12121 1.71281e+26 5.71332e+17 3.40537e-18 -0.0577257 0.186142 0.778073 0.00432324 0.0015583 0 0.0299032 2.41436e+27 
-2.0202 1.80392e+26 6.01722e+17 3.24503e-18 -0.0634507 0.185297 0.774542 0.00582691 0.00140219 0 0.0329315 2.10372e+27 
-1.91919 1.89951e+26 6.33606e+17 3.09357e-18 -0.0696456 0.184297 0.770361 0.00784679 0.00126063 0 0.036235 1.82764e+27 
-1.81818 1.99975e+26 6.67044e+17 2.95076e-18 -0.0763064 0.183105 0.76538 0.0105555 0.00113215 0 0.0398272 1.58257e+27 
-1.71717 2.10481e+26 7.02088e+17 2.81644e-18 -0.0834063 0.181677 0.759411 0.0141802 0.00101539 0 0.0437167 1.36529e+27 
-1.61616 2.21483e+26 7.38788e+17 2.69051e-18 -0.0908838 0.179955 0.752213 0.0190174 0.000909138 0 0.0479048 1.17293e+27 
-1.51515 2.32995e+26 7.77186e+17 2.57296e-18 -0.0986273 0.177868 0.743488 0.0254501 0.000812259 0 0.0523818 1.0029e+27 
-1.41414 2.45024e+26 8.17312e+17 2.46391e-18 -0.106453 0.175326 0.732863 0.0339659 0.000723728 0 0.0571212 8.5288e+26 
-1.31313 2.57575e+26 8.59179e+17 2.36358e-18 -0.114076 0.172222 0.719888 0.045174 0.000642612 0 0.0620737 7.20782e+26 
-1.21212 2.70646e+26 9.02776e+17 2.27234e-18 -0.121076 0.168428 0.704029 0.0598163 0.000568076 0 0.0671586 6.04741e+26 
-1.11111 2.84222e+26 9.48063e+17 2.19073e-18 -0.126858 0.1638 0.684683 0.078763 0.000499387 0 0.0722551 5.03086e+26 
-1.0101 2.98281e+26 9.94957e+17 2.1195e-18 -0.130609 0.158183 0.661203 0.102985 0.000435928 0 0.0771937 4.14326e+26 
-0.909091 3.12781e+26 1.04332e+18 2.05957e-18 -0.131274 0.151427 0.632964 0.133481 0.000377216 0 0.0817512 3.37128e+26 
-0.808081 3.27664e+26 1.09297e+18 2.01212e-18 -0.127552 0.14341 0.599454 0.17116 0.000322924 0 0.0856524 2.70304e+26 
-0.707071 3.4285e+26 1.14362e+18 1.97853e-18 -0.117942 0.134071 0.560418 0.216652 0.00027289 0 0.0885857 2.12789e+26 
-0.606061 3.58237e+26 1.19495e+18 1.96037e-18 -0.100866 0.123446 0.516003 0.270089 0.000227122 0 0.0902344 1.63629e+26 
-0.505051 3.737e+26 1.24653e+18 1.95938e-18 -0.0748552 0.111699 0.4669 0.33089 0.000185765 0 0.0903258 1.21959e+26 
-0.40404 3.89097e+26 1.29789e+18 1.97737e-18 -0.038789 0.0991376 0.414395 0.397629 0.000149034 0 0.0886892 8.69852e+25 
-0.30303 4.04277e+26 1.34852e+18 2.0162e-18 0.00788892 0.0861949 0.360295 0.468087 0.000117128 0 0.0853065 5.7974e+25 
-0.20202 4.19086e+26 1.39792e+18 2.07763e-18 0.0650563 0.0733738 0.306702 0.539498 9.01264e-05 0 0.0803359 3.4235e+25 
-0.10101 4.33382e+26 1.44561e+18 2.16338e-18 0.13196 0.0611709 0.255694 0.608973 6.79185e-05 0 0.0740937 1.51159e+25 
0 4.47045e+26 1.49118e+18 2.27503e-18 0.207425 0.05 0.209 0.67395 5.01817e-05 0 0.067 -nan 
