2 980.298 
3 952.939 
4 921.087 
5 898.296 
6 883.755 
7 875.554 
8 872.113 
9 871.759 
10 875.213 
11 880.261 
12 887.189 
13 894.871 
14 904.291 
15 915.341 
16 925.958 
17 936.802 
18 948.993 
19 962.833 
20 977.596 
21 991.931 
22 1005.98 
23 1020.21 
24 1034.84 
25 1049.81 
26 1064.85 
27 1080.08 
28 1095.61 
29 1111.41 
30 1127.24 
31 1142.8 
32 1158.22 
33 1173.7 
34 1189.39 
35 1205.43 
36 1221.89 
37 1238.77 
38 1256.03 
39 1273.53 
40 1291.08 
41 1308.45 
42 1325.68 
43 1342.84 
44 1360.01 
45 1377.25 
46 1394.62 
47 1412.13 
48 1429.81 
49 1447.64 
50 1465.61 
51 1483.67 
52 1501.87 
53 1520.23 
54 1538.8 
55 1557.59 
56 1576.63 
57 1595.91 
58 1615.43 
59 1635.16 
60 1655.08 
61 1675.15 
62 1695.38 
63 1715.81 
64 1736.45 
65 1757.33 
66 1778.46 
67 1799.85 
68 1821.5 
69 1843.41 
70 1865.57 
71 1887.97 
72 1910.63 
73 1933.57 
74 1956.78 
75 1980.29 
76 2004.1 
77 2028.2 
78 2052.61 
79 2077.3 
80 2102.28 
81 2127.54 
82 2153.07 
83 2178.9 
84 2205.02 
85 2231.44 
86 2258.17 
87 2285.2 
88 2312.53 
89 2340.16 
90 2368.08 
91 2396.29 
92 2424.78 
93 2453.56 
94 2482.62 
95 2511.96 
96 2541.58 
97 2571.47 
98 2601.63 
99 2632.05 
100 2662.7 
101 2693.59 
102 2724.71 
103 2756.06 
104 2787.65 
105 2819.46 
106 2851.51 
107 2883.78 
108 2916.28 
109 2949 
110 2981.93 
111 3015.07 
112 3048.41 
113 3081.93 
114 3115.64 
115 3149.51 
116 3183.53 
117 3217.69 
118 3251.97 
119 3286.36 
120 3320.83 
121 3355.37 
122 3389.96 
123 3424.61 
124 3459.3 
125 3494.03 
126 3528.79 
127 3563.58 
128 3598.37 
129 3633.17 
130 3667.95 
131 3702.72 
132 3737.46 
133 3772.16 
134 3806.8 
135 3841.37 
136 3875.86 
137 3910.24 
138 3944.51 
139 3978.65 
140 4012.64 
141 4046.46 
142 4080.1 
143 4113.56 
144 4146.81 
145 4179.86 
146 4212.69 
147 4245.28 
148 4277.63 
149 4309.73 
150 4341.56 
151 4373.11 
152 4404.37 
153 4435.32 
154 4465.95 
155 4496.25 
156 4526.2 
157 4555.79 
158 4584.99 
159 4613.81 
160 4642.21 
161 4670.19 
162 4697.73 
163 4724.82 
164 4751.46 
165 4777.64 
166 4803.34 
167 4828.55 
168 4853.27 
169 4877.49 
170 4901.19 
171 4924.36 
172 4947 
173 4969.09 
174 4990.63 
175 5011.6 
176 5032 
177 5051.81 
178 5071.02 
179 5089.62 
180 5107.6 
181 5124.96 
182 5141.68 
183 5157.75 
184 5173.18 
185 5187.95 
186 5202.06 
187 5215.51 
188 5228.28 
189 5240.38 
190 5251.8 
191 5262.52 
192 5272.56 
193 5281.9 
194 5290.53 
195 5298.46 
196 5305.68 
197 5312.19 
198 5317.97 
199 5323.04 
200 5327.37 
201 5330.98 
202 5333.85 
203 5335.99 
204 5337.4 
205 5338.08 
206 5338.02 
207 5337.23 
208 5335.71 
209 5333.46 
210 5330.47 
211 5326.76 
212 5322.32 
213 5317.15 
214 5311.26 
215 5304.65 
216 5297.32 
217 5289.28 
218 5280.52 
219 5271.06 
220 5260.89 
221 5250.03 
222 5238.47 
223 5226.22 
224 5213.29 
225 5199.67 
226 5185.39 
227 5170.44 
228 5154.83 
229 5138.57 
230 5121.65 
231 5104.1 
232 5085.91 
233 5067.1 
234 5047.67 
235 5027.63 
236 5006.99 
237 4985.76 
238 4963.94 
239 4941.55 
240 4918.6 
241 4895.1 
242 4871.05 
243 4846.47 
244 4821.38 
245 4795.78 
246 4769.68 
247 4743.1 
248 4716.05 
249 4688.54 
250 4660.59 
251 4632.21 
252 4603.41 
253 4574.2 
254 4544.6 
255 4514.61 
256 4484.25 
257 4453.52 
258 4422.44 
259 4391.02 
260 4359.27 
261 4327.21 
262 4294.85 
263 4262.2 
264 4229.27 
265 4196.09 
266 4162.65 
267 4128.98 
268 4095.09 
269 4061 
270 4026.72 
271 3992.27 
272 3957.65 
273 3922.9 
274 3888.02 
275 3853.03 
276 3817.95 
277 3782.79 
278 3747.56 
279 3712.27 
280 3676.95 
281 3641.6 
282 3606.23 
283 3570.86 
284 3535.5 
285 3500.17 
286 3464.88 
287 3429.64 
288 3394.48 
289 3359.39 
290 3324.4 
291 3289.53 
292 3254.78 
293 3220.17 
294 3185.73 
295 3151.45 
296 3117.37 
297 3083.49 
298 3049.83 
299 3016.41 
300 2983.24 
301 2950.34 
302 2917.72 
303 2885.38 
304 2853.34 
305 2821.59 
306 2790.16 
307 2759.04 
308 2728.25 
309 2697.78 
310 2667.65 
311 2637.87 
312 2608.44 
313 2579.36 
314 2550.65 
315 2522.32 
316 2494.36 
317 2466.79 
318 2439.61 
319 2412.83 
320 2386.46 
321 2360.49 
322 2334.94 
323 2309.82 
324 2285.13 
325 2260.87 
326 2237.06 
327 2213.69 
328 2190.77 
329 2168.31 
330 2146.32 
331 2124.8 
332 2103.74 
333 2083.17 
334 2063.09 
335 2043.49 
336 2024.39 
337 2005.78 
338 1987.68 
339 1970.08 
340 1953 
341 1936.43 
342 1920.39 
343 1904.87 
344 1889.87 
345 1875.41 
346 1861.48 
347 1848.09 
348 1835.24 
349 1822.94 
350 1811.19 
351 1799.98 
352 1789.33 
353 1779.22 
354 1769.66 
355 1760.65 
356 1752.18 
357 1744.25 
358 1736.87 
359 1730.01 
360 1723.7 
361 1717.91 
362 1712.65 
363 1707.92 
364 1703.71 
365 1700.01 
366 1696.83 
367 1694.15 
368 1691.98 
369 1690.3 
370 1689.12 
371 1688.43 
372 1688.21 
373 1688.48 
374 1689.21 
375 1690.4 
376 1692.05 
377 1694.15 
378 1696.68 
379 1699.65 
380 1703.05 
381 1706.87 
382 1711.09 
383 1715.71 
384 1720.72 
385 1726.12 
386 1731.88 
387 1738.01 
388 1744.49 
389 1751.31 
390 1758.45 
391 1765.92 
392 1773.69 
393 1781.76 
394 1790.12 
395 1798.74 
396 1807.62 
397 1816.75 
398 1826.1 
399 1835.68 
400 1845.46 
401 1855.43 
402 1865.58 
403 1875.92 
404 1886.42 
405 1897.1 
406 1907.94 
407 1918.94 
408 1930.09 
409 1941.38 
410 1952.82 
411 1964.39 
412 1976.08 
413 1987.9 
414 1999.83 
415 2011.86 
416 2024 
417 2036.23 
418 2048.54 
419 2060.94 
420 2073.4 
421 2085.92 
422 2098.51 
423 2111.13 
424 2123.8 
425 2136.5 
426 2149.22 
427 2161.95 
428 2174.69 
429 2187.42 
430 2200.14 
431 2212.83 
432 2225.49 
433 2238.12 
434 2250.68 
435 2263.19 
436 2275.63 
437 2287.98 
438 2300.24 
439 2312.4 
440 2324.44 
441 2336.36 
442 2348.14 
443 2359.77 
444 2371.25 
445 2382.55 
446 2393.67 
447 2404.6 
448 2415.32 
449 2425.82 
450 2436.09 
451 2446.12 
452 2455.9 
453 2465.44 
454 2474.73 
455 2483.77 
456 2492.56 
457 2501.11 
458 2509.4 
459 2517.45 
460 2525.25 
461 2532.79 
462 2540.08 
463 2547.13 
464 2553.92 
465 2560.45 
466 2566.74 
467 2572.77 
468 2578.54 
469 2584.06 
470 2589.33 
471 2594.35 
472 2599.11 
473 2603.61 
474 2607.86 
475 2611.86 
476 2615.6 
477 2619.09 
478 2622.32 
479 2625.3 
480 2628.03 
481 2630.5 
482 2632.72 
483 2634.69 
484 2636.4 
485 2637.86 
486 2639.07 
487 2640.02 
488 2640.73 
489 2641.18 
490 2641.39 
491 2641.35 
492 2641.05 
493 2640.51 
494 2639.73 
495 2638.7 
496 2637.42 
497 2635.89 
498 2634.13 
499 2632.12 
500 2629.87 
501 2627.38 
502 2624.65 
503 2621.7 
504 2618.51 
505 2615.1 
506 2611.48 
507 2607.64 
508 2603.6 
509 2599.35 
510 2594.91 
511 2590.27 
512 2585.45 
513 2580.45 
514 2575.27 
515 2569.92 
516 2564.4 
517 2558.73 
518 2552.91 
519 2546.94 
520 2540.83 
521 2534.59 
522 2528.22 
523 2521.73 
524 2515.12 
525 2508.41 
526 2501.6 
527 2494.7 
528 2487.71 
529 2480.64 
530 2473.5 
531 2466.29 
532 2459.03 
533 2451.72 
534 2444.37 
535 2436.99 
536 2429.58 
537 2422.15 
538 2414.72 
539 2407.28 
540 2399.85 
541 2392.44 
542 2385.06 
543 2377.71 
544 2370.4 
545 2363.14 
546 2355.95 
547 2348.82 
548 2341.78 
549 2334.82 
550 2327.97 
551 2321.22 
552 2314.58 
553 2308.06 
554 2301.66 
555 2295.38 
556 2289.22 
557 2283.2 
558 2277.3 
559 2271.54 
560 2265.91 
561 2260.43 
562 2255.09 
563 2249.89 
564 2244.85 
565 2239.97 
566 2235.24 
567 2230.67 
568 2226.27 
569 2222.03 
570 2217.97 
571 2214.08 
572 2210.38 
573 2206.85 
574 2203.51 
575 2200.36 
576 2197.41 
577 2194.65 
578 2192.09 
579 2189.74 
580 2187.6 
581 2185.67 
582 2183.95 
583 2182.46 
584 2181.19 
585 2180.15 
586 2179.34 
587 2178.77 
588 2178.43 
589 2178.34 
590 2178.5 
591 2178.91 
592 2179.58 
593 2180.51 
594 2181.7 
595 2183.17 
596 2184.9 
597 2186.92 
598 2189.21 
599 2191.79 
600 2194.66 
601 2197.83 
602 2201.29 
603 2205.03 
604 2209.07 
605 2213.39 
606 2217.98 
607 2222.86 
608 2228.01 
609 2233.43 
610 2239.12 
611 2245.07 
612 2251.28 
613 2257.75 
614 2264.47 
615 2271.45 
616 2278.67 
617 2286.13 
618 2293.84 
619 2301.77 
620 2309.94 
621 2318.33 
622 2326.95 
623 2335.79 
624 2344.84 
625 2354.1 
626 2363.56 
627 2373.22 
628 2383.09 
629 2393.14 
630 2403.38 
631 2413.8 
632 2424.4 
633 2435.17 
634 2446.11 
635 2457.2 
636 2468.46 
637 2479.87 
638 2491.42 
639 2503.11 
640 2514.94 
641 2526.9 
642 2538.98 
643 2551.18 
644 2563.49 
645 2575.91 
646 2588.43 
647 2601.04 
648 2613.74 
649 2626.53 
650 2639.39 
651 2652.31 
652 2665.3 
653 2678.35 
654 2691.46 
655 2704.6 
656 2717.8 
657 2731.02 
658 2744.28 
659 2757.56 
660 2770.86 
661 2784.18 
662 2797.5 
663 2810.82 
664 2824.14 
665 2837.44 
666 2850.72 
667 2863.99 
668 2877.22 
669 2890.41 
670 2903.56 
671 2916.65 
672 2929.69 
673 2942.67 
674 2955.57 
675 2968.4 
676 2981.14 
677 2993.79 
678 3006.34 
679 3018.78 
680 3031.11 
681 3043.32 
682 3055.4 
683 3067.34 
684 3079.13 
685 3090.78 
686 3102.26 
687 3113.58 
688 3124.72 
689 3135.68 
690 3146.45 
691 3157.01 
692 3167.37 
693 3177.51 
694 3187.43 
695 3197.11 
696 3206.55 
697 3215.74 
698 3224.67 
699 3233.34 
700 3241.72 
701 3249.82 
702 3257.63 
703 3265.16 
704 3272.39 
705 3279.33 
706 3285.98 
707 3292.34 
708 3298.4 
709 3304.16 
710 3309.63 
711 3314.8 
712 3319.66 
713 3324.23 
714 3328.5 
715 3332.46 
716 3336.11 
717 3339.46 
718 3342.51 
719 3345.24 
720 3347.67 
721 3349.78 
722 3351.59 
723 3353.08 
724 3354.26 
725 3355.12 
726 3355.67 
727 3355.9 
728 3355.81 
729 3355.4 
730 3354.67 
731 3353.63 
732 3352.26 
733 3350.56 
734 3348.54 
735 3346.2 
736 3343.53 
737 3340.53 
738 3337.2 
739 3333.55 
740 3329.56 
741 3325.24 
742 3320.59 
743 3315.61 
744 3310.3 
745 3304.64 
746 3298.66 
747 3292.33 
748 3285.67 
749 3278.67 
750 3271.33 
751 3263.65 
752 3255.63 
753 3247.28 
754 3238.61 
755 3229.61 
756 3220.29 
757 3210.66 
758 3200.72 
759 3190.47 
760 3179.93 
761 3169.08 
762 3157.95 
763 3146.53 
764 3134.84 
765 3122.86 
766 3110.62 
767 3098.11 
768 3085.34 
769 3072.32 
770 3059.04 
771 3045.53 
772 3031.77 
773 3017.78 
774 3003.57 
775 2989.13 
776 2974.48 
777 2959.62 
778 2944.56 
779 2929.29 
780 2913.84 
781 2898.2 
782 2882.38 
783 2866.39 
784 2850.23 
785 2833.92 
786 2817.45 
787 2800.83 
788 2784.07 
789 2767.18 
790 2750.16 
791 2733.02 
792 2715.77 
793 2698.41 
794 2680.95 
795 2663.4 
796 2645.77 
797 2628.06 
798 2610.28 
799 2592.44 
800 2574.54 
801 2556.6 
802 2538.61 
803 2520.58 
804 2502.53 
805 2484.44 
806 2466.33 
807 2448.2 
808 2430.06 
809 2411.92 
810 2393.77 
811 2375.62 
812 2357.48 
813 2339.35 
814 2321.25 
815 2303.16 
816 2285.11 
817 2267.09 
818 2249.11 
819 2231.18 
820 2213.29 
821 2195.47 
822 2177.71 
823 2160.02 
824 2142.4 
825 2124.86 
826 2107.41 
827 2090.05 
828 2072.79 
829 2055.64 
830 2038.59 
831 2021.66 
832 2004.86 
833 1988.18 
834 1971.64 
835 1955.25 
836 1939 
837 1922.9 
838 1906.97 
839 1891.2 
840 1875.61 
841 1860.2 
842 1844.98 
843 1829.96 
844 1815.13 
845 1800.52 
846 1786.12 
847 1771.94 
848 1758 
849 1744.29 
850 1730.82 
851 1717.6 
852 1704.64 
853 1691.92 
854 1679.46 
855 1667.25 
856 1655.3 
857 1643.59 
858 1632.14 
859 1620.94 
860 1609.99 
861 1599.29 
862 1588.85 
863 1578.66 
864 1568.73 
865 1559.05 
866 1549.62 
867 1540.44 
868 1531.52 
869 1522.85 
870 1514.43 
871 1506.27 
872 1498.36 
873 1490.7 
874 1483.3 
875 1476.15 
876 1469.25 
877 1462.6 
878 1456.21 
879 1450.07 
880 1444.18 
881 1438.55 
882 1433.16 
883 1428.03 
884 1423.15 
885 1418.52 
886 1414.15 
887 1410.02 
888 1406.14 
889 1402.52 
890 1399.14 
891 1396.01 
892 1393.14 
893 1390.51 
894 1388.13 
895 1386 
896 1384.12 
897 1382.48 
898 1381.09 
899 1379.95 
900 1379.06 
901 1378.41 
902 1378 
903 1377.83 
904 1377.89 
905 1378.19 
906 1378.71 
907 1379.45 
908 1380.41 
909 1381.59 
910 1382.98 
911 1384.57 
912 1386.37 
913 1388.36 
914 1390.55 
915 1392.92 
916 1395.49 
917 1398.23 
918 1401.14 
919 1404.23 
920 1407.49 
921 1410.91 
922 1414.48 
923 1418.21 
924 1422.08 
925 1426.1 
926 1430.26 
927 1434.55 
928 1438.97 
929 1443.51 
930 1448.18 
931 1452.95 
932 1457.83 
933 1462.82 
934 1467.91 
935 1473.08 
936 1478.35 
937 1483.69 
938 1489.11 
939 1494.61 
940 1500.17 
941 1505.78 
942 1511.46 
943 1517.18 
944 1522.94 
945 1528.74 
946 1534.57 
947 1540.43 
948 1546.31 
949 1552.2 
950 1558.09 
951 1563.99 
952 1569.89 
953 1575.78 
954 1581.66 
955 1587.54 
956 1593.39 
957 1599.24 
958 1605.06 
959 1610.85 
960 1616.62 
961 1622.36 
962 1628.07 
963 1633.73 
964 1639.36 
965 1644.95 
966 1650.48 
967 1655.97 
968 1661.4 
969 1666.78 
970 1672.09 
971 1677.34 
972 1682.52 
973 1687.63 
974 1692.66 
975 1697.62 
976 1702.49 
977 1707.27 
978 1711.97 
979 1716.57 
980 1721.07 
981 1725.47 
982 1729.77 
983 1733.96 
984 1738.03 
985 1741.99 
986 1745.83 
987 1749.54 
988 1753.12 
989 1756.57 
990 1759.88 
991 1763.06 
992 1766.08 
993 1768.96 
994 1771.68 
995 1774.25 
996 1776.65 
997 1778.89 
998 1780.96 
999 1782.85 
1000 1784.57 
1001 1786.1 
1002 1787.45 
1003 1788.62 
1004 1789.6 
1005 1790.41 
1006 1791.05 
1007 1791.5 
1008 1791.78 
1009 1791.89 
1010 1791.83 
1011 1791.59 
1012 1791.18 
1013 1790.61 
1014 1789.87 
1015 1788.96 
1016 1787.89 
1017 1786.66 
1018 1785.26 
1019 1783.71 
1020 1781.99 
1021 1780.12 
1022 1778.09 
1023 1775.91 
1024 1773.58 
1025 1771.1 
1026 1768.46 
1027 1765.68 
1028 1762.75 
1029 1759.68 
1030 1756.46 
1031 1753.11 
1032 1749.61 
1033 1745.97 
1034 1742.2 
1035 1738.29 
1036 1734.25 
1037 1730.08 
1038 1725.78 
1039 1721.35 
1040 1716.8 
1041 1712.12 
1042 1707.32 
1043 1702.4 
1044 1697.36 
1045 1692.2 
1046 1686.93 
1047 1681.55 
1048 1676.05 
1049 1670.45 
1050 1664.74 
1051 1658.92 
1052 1653.01 
1053 1646.99 
1054 1640.88 
1055 1634.67 
1056 1628.38 
1057 1621.99 
1058 1615.53 
1059 1608.98 
1060 1602.36 
1061 1595.66 
1062 1588.9 
1063 1582.06 
1064 1575.17 
1065 1568.21 
1066 1561.19 
1067 1554.12 
1068 1547 
1069 1539.84 
1070 1532.63 
1071 1525.38 
1072 1518.09 
1073 1510.77 
1074 1503.43 
1075 1496.05 
1076 1488.66 
1077 1481.24 
1078 1473.82 
1079 1466.38 
1080 1458.93 
1081 1451.48 
1082 1444.03 
1083 1436.59 
1084 1429.15 
1085 1421.73 
1086 1414.32 
1087 1406.93 
1088 1399.57 
1089 1392.23 
1090 1384.93 
1091 1377.66 
1092 1370.43 
1093 1363.25 
1094 1356.11 
1095 1349.03 
1096 1342 
1097 1335.04 
1098 1328.14 
1099 1321.31 
1100 1314.55 
1101 1307.87 
1102 1301.28 
1103 1294.76 
1104 1288.32 
1105 1281.97 
1106 1275.7 
1107 1269.52 
1108 1263.43 
1109 1257.43 
1110 1251.52 
1111 1245.7 
1112 1239.98 
1113 1234.35 
1114 1228.81 
1115 1223.38 
1116 1218.05 
1117 1212.82 
1118 1207.69 
1119 1202.66 
1120 1197.74 
1121 1192.93 
1122 1188.23 
1123 1183.64 
1124 1179.16 
1125 1174.8 
1126 1170.55 
1127 1166.41 
1128 1162.4 
1129 1158.51 
1130 1154.73 
1131 1151.09 
1132 1147.56 
1133 1144.17 
1134 1140.9 
1135 1137.76 
1136 1134.75 
1137 1131.88 
1138 1129.14 
1139 1126.54 
1140 1124.07 
1141 1121.75 
1142 1119.57 
1143 1117.53 
1144 1115.64 
1145 1113.89 
1146 1112.29 
1147 1110.85 
1148 1109.55 
1149 1108.41 
1150 1107.42 
1151 1106.6 
1152 1105.92 
1153 1105.4 
1154 1105.03 
1155 1104.81 
1156 1104.74 
1157 1104.81 
1158 1105.03 
1159 1105.39 
1160 1105.88 
1161 1106.52 
1162 1107.28 
1163 1108.18 
1164 1109.21 
1165 1110.37 
1166 1111.65 
1167 1113.06 
1168 1114.59 
1169 1116.23 
1170 1118 
1171 1119.87 
1172 1121.86 
1173 1123.96 
1174 1126.17 
1175 1128.48 
1176 1130.89 
1177 1133.4 
1178 1136.01 
1179 1138.71 
1180 1141.51 
1181 1144.39 
1182 1147.36 
1183 1150.42 
1184 1153.56 
1185 1156.78 
1186 1160.07 
1187 1163.44 
1188 1166.88 
1189 1170.39 
1190 1173.96 
1191 1177.6 
1192 1181.3 
1193 1185.06 
1194 1188.87 
1195 1192.73 
1196 1196.64 
1197 1200.6 
1198 1204.6 
1199 1208.65 
1200 1212.73 
1201 1216.84 
1202 1220.99 
1203 1225.17 
1204 1229.37 
1205 1233.6 
1206 1237.86 
1207 1242.13 
1208 1246.43 
1209 1250.74 
1210 1255.06 
1211 1259.39 
1212 1263.73 
1213 1268.08 
1214 1272.43 
1215 1276.78 
1216 1281.12 
1217 1285.47 
1218 1289.8 
1219 1294.13 
1220 1298.45 
1221 1302.75 
1222 1307.03 
1223 1311.29 
1224 1315.53 
1225 1319.74 
1226 1323.92 
1227 1328.08 
1228 1332.2 
1229 1336.28 
1230 1340.32 
1231 1344.32 
1232 1348.27 
1233 1352.18 
1234 1356.04 
1235 1359.84 
1236 1363.58 
1237 1367.27 
1238 1370.89 
1239 1374.45 
1240 1377.93 
1241 1381.35 
1242 1384.69 
1243 1387.96 
1244 1391.14 
1245 1394.24 
1246 1397.25 
1247 1400.18 
1248 1403.01 
1249 1405.74 
1250 1408.37 
1251 1410.91 
1252 1413.33 
1253 1415.66 
1254 1417.88 
1255 1420 
1256 1422.01 
1257 1423.91 
1258 1425.71 
1259 1427.4 
1260 1428.98 
1261 1430.46 
1262 1431.82 
1263 1433.07 
1264 1434.22 
1265 1435.25 
1266 1436.17 
1267 1436.98 
1268 1437.67 
1269 1438.26 
1270 1438.72 
1271 1439.07 
1272 1439.31 
1273 1439.43 
1274 1439.43 
1275 1439.32 
1276 1439.09 
1277 1438.74 
1278 1438.27 
1279 1437.68 
1280 1436.97 
1281 1436.13 
1282 1435.18 
1283 1434.1 
1284 1432.9 
1285 1431.57 
1286 1430.12 
1287 1428.55 
1288 1426.85 
1289 1425.02 
1290 1423.07 
1291 1420.98 
1292 1418.77 
1293 1416.43 
1294 1413.96 
1295 1411.36 
1296 1408.63 
1297 1405.76 
1298 1402.76 
1299 1399.63 
1300 1396.37 
1301 1392.97 
1302 1389.43 
1303 1385.77 
1304 1381.98 
1305 1378.06 
1306 1374.02 
1307 1369.86 
1308 1365.57 
1309 1361.17 
1310 1356.65 
1311 1352.02 
1312 1347.28 
1313 1342.42 
1314 1337.47 
1315 1332.4 
1316 1327.24 
1317 1321.97 
1318 1316.61 
1319 1311.15 
1320 1305.59 
1321 1299.95 
1322 1294.22 
1323 1288.4 
1324 1282.5 
1325 1276.52 
1326 1270.46 
1327 1264.32 
1328 1258.11 
1329 1251.83 
1330 1245.47 
1331 1239.06 
1332 1232.57 
1333 1226.03 
1334 1219.43 
1335 1212.77 
1336 1206.06 
1337 1199.29 
1338 1192.48 
1339 1185.62 
1340 1178.72 
1341 1171.78 
1342 1164.8 
1343 1157.79 
1344 1150.74 
1345 1143.67 
1346 1136.56 
1347 1129.44 
1348 1122.29 
1349 1115.12 
1350 1107.94 
1351 1100.74 
1352 1093.54 
1353 1086.32 
1354 1079.1 
1355 1071.87 
1356 1064.64 
1357 1057.41 
1358 1050.18 
1359 1042.96 
1360 1035.74 
1361 1028.52 
1362 1021.32 
1363 1014.13 
1364 1006.95 
1365 999.789 
1366 992.646 
1367 985.523 
1368 978.422 
1369 971.346 
1370 964.297 
1371 957.278 
1372 950.289 
1373 943.335 
1374 936.416 
1375 929.535 
1376 922.694 
1377 915.897 
1378 909.144 
1379 902.438 
1380 895.782 
1381 889.178 
1382 882.628 
1383 876.135 
1384 869.701 
1385 863.328 
1386 857.019 
1387 850.776 
1388 844.602 
1389 838.499 
1390 832.469 
1391 826.516 
1392 820.64 
1393 814.846 
1394 809.135 
1395 803.51 
1396 797.974 
1397 792.528 
1398 787.176 
1399 781.92 
1400 776.762 
1401 771.706 
1402 766.75 
1403 761.895 
1404 757.141 
1405 752.486 
1406 747.932 
1407 743.477 
1408 739.122 
1409 734.866 
1410 730.708 
1411 726.649 
1412 722.688 
1413 718.826 
1414 715.06 
1415 711.393 
1416 707.822 
1417 704.348 
1418 700.97 
1419 697.688 
1420 694.503 
1421 691.412 
1422 688.417 
1423 685.516 
1424 682.71 
1425 679.998 
1426 677.38 
1427 674.855 
1428 672.424 
1429 670.085 
1430 667.838 
1431 665.683 
1432 663.62 
1433 661.649 
1434 659.768 
1435 657.977 
1436 656.277 
1437 654.667 
1438 653.146 
1439 651.714 
1440 650.37 
1441 649.115 
1442 647.947 
1443 646.867 
1444 645.874 
1445 644.967 
1446 644.147 
1447 643.412 
1448 642.762 
1449 642.197 
1450 641.717 
1451 641.321 
1452 641.007 
1453 640.774 
1454 640.621 
1455 640.547 
1456 640.549 
1457 640.627 
1458 640.778 
1459 641.003 
1460 641.298 
1461 641.663 
1462 642.095 
1463 642.595 
1464 643.159 
1465 643.787 
1466 644.477 
1467 645.227 
1468 646.037 
1469 646.903 
1470 647.826 
1471 648.802 
1472 649.831 
1473 650.911 
1474 652.041 
1475 653.218 
1476 654.441 
1477 655.709 
1478 657.02 
1479 658.372 
1480 659.763 
1481 661.193 
1482 662.658 
1483 664.158 
1484 665.691 
1485 667.254 
1486 668.848 
1487 670.468 
1488 672.115 
1489 673.785 
1490 675.478 
1491 677.192 
1492 678.924 
1493 680.674 
1494 682.438 
1495 684.216 
1496 686.006 
1497 687.805 
1498 689.612 
1499 691.425 
1500 693.242 
1501 695.062 
1502 696.883 
1503 698.703 
1504 700.522 
1505 702.338 
1506 704.149 
1507 705.955 
1508 707.755 
1509 709.546 
1510 711.327 
1511 713.098 
1512 714.856 
1513 716.601 
1514 718.331 
1515 720.045 
1516 721.74 
1517 723.417 
1518 725.073 
1519 726.707 
1520 728.318 
1521 729.904 
1522 731.464 
1523 732.997 
1524 734.5 
1525 735.973 
1526 737.413 
1527 738.821 
1528 740.193 
1529 741.529 
1530 742.828 
1531 744.087 
1532 745.305 
1533 746.48 
1534 747.612 
1535 748.699 
1536 749.738 
1537 750.73 
1538 751.671 
1539 752.561 
1540 753.397 
1541 754.179 
1542 754.905 
1543 755.573 
1544 756.182 
1545 756.729 
1546 757.214 
1547 757.635 
1548 757.991 
1549 758.278 
1550 758.497 
1551 758.646 
1552 758.724 
1553 758.732 
1554 758.672 
1555 758.542 
1556 758.344 
1557 758.079 
1558 757.746 
1559 757.346 
1560 756.881 
1561 756.349 
1562 755.752 
1563 755.09 
1564 754.364 
1565 753.575 
1566 752.722 
1567 751.806 
1568 750.829 
1569 749.789 
1570 748.689 
1571 747.528 
1572 746.307 
1573 745.027 
1574 743.687 
1575 742.29 
1576 740.834 
1577 739.321 
1578 737.752 
1579 736.127 
1580 734.446 
1581 732.71 
1582 730.92 
1583 729.076 
1584 727.178 
1585 725.228 
1586 723.227 
1587 721.173 
1588 719.069 
1589 716.915 
1590 714.711 
1591 712.458 
1592 710.157 
1593 707.808 
1594 705.412 
1595 702.969 
1596 700.481 
1597 697.947 
1598 695.369 
1599 692.746 
1600 690.081 
1601 687.373 
1602 684.624 
1603 681.834 
1604 679.006 
1605 676.141 
1606 673.241 
1607 670.306 
1608 667.337 
1609 664.338 
1610 661.308 
1611 658.249 
1612 655.163 
1613 652.051 
1614 648.915 
1615 645.755 
1616 642.575 
1617 639.374 
1618 636.154 
1619 632.918 
1620 629.665 
1621 626.399 
1622 623.12 
1623 619.83 
1624 616.531 
1625 613.223 
1626 609.909 
1627 606.59 
1628 603.267 
1629 599.943 
1630 596.618 
1631 593.295 
1632 589.974 
1633 586.658 
1634 583.348 
1635 580.046 
1636 576.753 
1637 573.47 
1638 570.2 
1639 566.945 
1640 563.705 
1641 560.483 
1642 557.279 
1643 554.097 
1644 550.937 
1645 547.8 
1646 544.69 
1647 541.608 
1648 538.554 
1649 535.531 
1650 532.541 
1651 529.585 
1652 526.664 
1653 523.778 
1654 520.927 
1655 518.111 
1656 515.331 
1657 512.587 
1658 509.879 
1659 507.207 
1660 504.573 
1661 501.975 
1662 499.415 
1663 496.892 
1664 494.408 
1665 491.961 
1666 489.553 
1667 487.184 
1668 484.853 
1669 482.562 
1670 480.31 
1671 478.099 
1672 475.927 
1673 473.796 
1674 471.705 
1675 469.655 
1676 467.647 
1677 465.68 
1678 463.755 
1679 461.872 
1680 460.031 
1681 458.234 
1682 456.479 
1683 454.767 
1684 453.099 
1685 451.475 
1686 449.895 
1687 448.359 
1688 446.868 
1689 445.422 
1690 444.021 
1691 442.666 
1692 441.357 
1693 440.094 
1694 438.878 
1695 437.708 
1696 436.586 
1697 435.511 
1698 434.483 
1699 433.504 
1700 432.573 
1701 431.69 
1702 430.856 
1703 430.069 
1704 429.329 
1705 428.636 
1706 427.988 
1707 427.386 
1708 426.829 
1709 426.316 
1710 425.847 
1711 425.421 
1712 425.038 
1713 424.697 
1714 424.398 
1715 424.139 
1716 423.921 
1717 423.743 
1718 423.603 
1719 423.503 
1720 423.441 
1721 423.416 
1722 423.428 
1723 423.476 
1724 423.56 
1725 423.679 
1726 423.833 
1727 424.02 
1728 424.241 
1729 424.495 
1730 424.781 
1731 425.098 
1732 425.446 
1733 425.824 
1734 426.231 
1735 426.668 
1736 427.133 
1737 427.626 
1738 428.145 
1739 428.691 
1740 429.263 
1741 429.86 
1742 430.482 
1743 431.127 
1744 431.795 
1745 432.485 
1746 433.198 
1747 433.932 
1748 434.686 
1749 435.459 
1750 436.252 
1751 437.063 
1752 437.892 
1753 438.738 
1754 439.6 
1755 440.477 
1756 441.37 
1757 442.276 
1758 443.195 
1759 444.127 
1760 445.07 
1761 446.024 
1762 446.989 
1763 447.963 
1764 448.945 
1765 449.935 
1766 450.932 
1767 451.936 
1768 452.945 
1769 453.958 
1770 454.976 
1771 455.996 
1772 457.019 
1773 458.043 
1774 459.068 
1775 460.093 
1776 461.117 
1777 462.139 
1778 463.158 
1779 464.174 
1780 465.185 
1781 466.192 
1782 467.192 
1783 468.185 
1784 469.171 
1785 470.148 
1786 471.116 
1787 472.074 
1788 473.021 
1789 473.955 
1790 474.877 
1791 475.785 
1792 476.678 
1793 477.556 
1794 478.418 
1795 479.262 
1796 480.088 
1797 480.895 
1798 481.682 
1799 482.448 
1800 483.193 
1801 483.915 
1802 484.614 
1803 485.289 
1804 485.94 
1805 486.568 
1806 487.17 
1807 487.748 
1808 488.3 
1809 488.826 
1810 489.326 
1811 489.8 
1812 490.246 
1813 490.665 
1814 491.056 
1815 491.419 
1816 491.753 
1817 492.058 
1818 492.333 
1819 492.579 
1820 492.794 
1821 492.978 
1822 493.131 
1823 493.253 
1824 493.343 
1825 493.4 
1826 493.424 
1827 493.415 
1828 493.372 
1829 493.295 
1830 493.184 
1831 493.037 
1832 492.855 
1833 492.637 
1834 492.383 
1835 492.092 
1836 491.764 
1837 491.398 
1838 490.994 
1839 490.551 
1840 490.069 
1841 489.548 
1842 488.987 
1843 488.386 
1844 487.744 
1845 487.061 
1846 486.335 
1847 485.568 
1848 484.758 
1849 483.905 
1850 483.009 
1851 482.068 
1852 481.084 
1853 480.057 
1854 478.988 
1855 477.877 
1856 476.724 
1857 475.53 
1858 474.296 
1859 473.023 
1860 471.709 
1861 470.358 
1862 468.968 
1863 467.54 
1864 466.075 
1865 464.574 
1866 463.036 
1867 461.463 
1868 459.856 
1869 458.214 
1870 456.538 
1871 454.829 
1872 453.087 
1873 451.314 
1874 449.508 
1875 447.672 
1876 445.806 
1877 443.91 
1878 441.985 
1879 440.031 
1880 438.049 
1881 436.04 
1882 434.004 
1883 431.942 
1884 429.854 
1885 427.742 
1886 425.605 
1887 423.444 
1888 421.26 
1889 419.054 
1890 416.825 
1891 414.576 
1892 412.306 
1893 410.016 
1894 407.706 
1895 405.378 
1896 403.031 
1897 400.667 
1898 398.287 
1899 395.89 
1900 393.477 
1901 391.05 
1902 388.609 
1903 386.155 
1904 383.689 
1905 381.212 
1906 378.726 
1907 376.231 
1908 373.728 
1909 371.218 
1910 368.703 
1911 366.184 
1912 363.661 
1913 361.135 
1914 358.608 
1915 356.081 
1916 353.554 
1917 351.03 
1918 348.508 
1919 345.99 
1920 343.478 
1921 340.972 
1922 338.473 
1923 335.982 
1924 333.501 
1925 331.031 
1926 328.572 
1927 326.126 
1928 323.695 
1929 321.278 
1930 318.878 
1931 316.495 
1932 314.131 
1933 311.787 
1934 309.463 
1935 307.162 
1936 304.884 
1937 302.63 
1938 300.401 
1939 298.2 
1940 296.026 
1941 293.882 
1942 291.768 
1943 289.685 
1944 287.635 
1945 285.619 
1946 283.638 
1947 281.694 
1948 279.787 
1949 277.919 
1950 276.091 
1951 274.303 
1952 272.557 
1953 270.85 
1954 269.181 
1955 267.551 
1956 265.959 
1957 264.403 
1958 262.882 
1959 261.397 
1960 259.946 
1961 258.528 
1962 257.143 
1963 255.789 
1964 254.467 
1965 253.174 
1966 251.911 
1967 250.676 
1968 249.469 
1969 248.289 
1970 247.134 
1971 246.005 
1972 244.9 
1973 243.818 
1974 242.759 
1975 241.722 
1976 240.705 
1977 239.709 
1978 238.731 
1979 237.772 
1980 236.83 
1981 235.904 
1982 234.994 
1983 234.099 
1984 233.218 
1985 232.35 
1986 231.493 
1987 230.648 
1988 229.813 
1989 228.987 
1990 228.17 
1991 227.36 
1992 226.556 
1993 225.759 
1994 224.966 
1995 224.176 
1996 223.39 
1997 222.605 
1998 221.822 
1999 221.038 
2000 220.254 
