-20 1.86016e+20 1.86114e+20 3102.4 7.819e-12 -2.06114e-09 -2.06113e-09 1.87071e-06 9.98957e-06 2.23745e-31 0.999988 0 0 2.13381e+35 
-19.798 1.86016e+20 1.86114e+20 3102.4 6.38875e-12 -2.52257e-09 -2.52255e-09 2.2895e-06 1.22259e-05 5.01991e-31 0.999985 0 0 1.74349e+35 
-19.596 1.86016e+20 1.86114e+20 3102.4 5.22011e-12 -3.0873e-09 -3.08727e-09 2.80205e-06 1.49629e-05 1.12626e-30 0.999982 0 0 1.42457e+35 
-19.3939 1.86016e+20 1.86114e+20 3102.4 4.26525e-12 -3.77846e-09 -3.77842e-09 3.42934e-06 1.83127e-05 2.52687e-30 0.999978 0 0 1.16399e+35 
-19.1919 1.86016e+20 1.86114e+20 3102.4 3.48505e-12 -4.62434e-09 -4.62428e-09 4.19705e-06 2.24123e-05 5.66926e-30 0.999973 0 0 9.51067e+34 
-18.9899 1.86016e+20 1.86114e+20 3102.4 2.84757e-12 -5.65958e-09 -5.65949e-09 5.13663e-06 2.74296e-05 1.27195e-29 0.999967 0 0 7.77097e+34 
-18.7879 1.86016e+20 1.86114e+20 3102.4 2.3267e-12 -6.92659e-09 -6.92645e-09 6.28653e-06 3.35701e-05 2.85371e-29 0.99996 0 0 6.34949e+34 
-18.5859 1.86016e+20 1.86114e+20 3102.4 1.9011e-12 -8.47722e-09 -8.47702e-09 7.69384e-06 4.10851e-05 6.40253e-29 0.999951 0 0 5.18803e+34 
-18.3838 1.92997e+20 1.92996e+20 2.32863e+10 1.55336e-12 -1.0375e-08 -1.03747e-08 9.41618e-06 5.02824e-05 1.43645e-28 0.99994 0 0 4.23903e+34 
-18.1818 2.36203e+20 2.36201e+20 1.67408e+11 1.26922e-12 -1.26976e-08 -1.26971e-08 1.15241e-05 6.15385e-05 3.22278e-28 0.999927 0 0 3.46362e+34 
-17.9798 2.89082e+20 2.89078e+20 3.43792e+11 1.03706e-12 -1.55401e-08 -1.55394e-08 1.41037e-05 7.5314e-05 7.23051e-28 0.999911 0 0 2.83005e+34 
-17.7778 3.53798e+20 3.53791e+20 5.59663e+11 8.47371e-13 -1.90189e-08 -1.90179e-08 1.72608e-05 9.21729e-05 1.6222e-27 0.999891 0 0 2.31237e+34 
-17.5758 4.33002e+20 4.3299e+20 8.23858e+11 6.92377e-13 -2.32764e-08 -2.32749e-08 2.11246e-05 0.000112805 3.63948e-27 0.999866 0 0 1.88939e+34 
-17.3737 5.29936e+20 5.29917e+20 1.1472e+12 5.65735e-13 -2.8487e-08 -2.84846e-08 2.5853e-05 0.000138055 8.16529e-27 0.999836 0 0 1.54378e+34 
-17.1717 6.48569e+20 6.48539e+20 1.54291e+12 4.62258e-13 -3.48638e-08 -3.48603e-08 3.16396e-05 0.000168956 1.8319e-26 0.999799 0 0 1.26139e+34 
-16.9697 7.93757e+20 7.93711e+20 2.02721e+12 3.7771e-13 -4.26679e-08 -4.26626e-08 3.87211e-05 0.000206771 4.10985e-26 0.999755 0 0 1.03065e+34 
-16.7677 9.71445e+20 9.71375e+20 2.61991e+12 3.08627e-13 -5.22186e-08 -5.22108e-08 4.73871e-05 0.000253047 9.22035e-26 0.9997 0 0 8.42123e+33 
-16.5657 1.18891e+21 1.1888e+21 3.34528e+12 2.52181e-13 -6.39068e-08 -6.3895e-08 5.79919e-05 0.000309677 2.06854e-25 0.999632 0 0 6.8808e+33 
-16.3636 1.45504e+21 1.45488e+21 4.23301e+12 2.0606e-13 -7.82105e-08 -7.8193e-08 7.09689e-05 0.000378974 4.64059e-25 0.99955 0 0 5.62215e+33 
-16.1616 1.78074e+21 1.7805e+21 5.31943e+12 1.68376e-13 -9.57149e-08 -9.56886e-08 8.68481e-05 0.000463769 1.04106e-24 0.999449 0 0 4.59373e+33 
-15.9596 2.17933e+21 2.17897e+21 6.64899e+12 1.37585e-13 -1.17136e-07 -1.17096e-07 0.000106278 0.000567524 2.33542e-24 0.999326 0 0 3.75344e+33 
-15.7576 2.66713e+21 2.66658e+21 8.27609e+12 1.12426e-13 -1.43348e-07 -1.43289e-07 0.000130051 0.000694473 5.23896e-24 0.999175 0 0 3.06685e+33 
-15.5556 3.26407e+21 3.26325e+21 1.02673e+13 9.18693e-14 -1.75424e-07 -1.75336e-07 0.000159137 0.000849789 1.1752e-23 0.998991 0 0 2.50585e+33 
-15.3535 3.99458e+21 3.99335e+21 1.2704e+13 7.50729e-14 -2.14672e-07 -2.1454e-07 0.000194719 0.0010398 2.63607e-23 0.998765 0 0 2.04747e+33 
-15.1515 4.88853e+21 4.88668e+21 1.56859e+13 6.13489e-14 -2.62695e-07 -2.62497e-07 0.000238245 0.00127223 5.91265e-23 0.99849 0 0 1.67294e+33 
-14.9495 5.98243e+21 5.97966e+21 1.93347e+13 5.01353e-14 -3.21451e-07 -3.21155e-07 0.000291483 0.00155652 1.32611e-22 0.998152 0 0 1.36692e+33 
-14.7475 7.32097e+21 7.31684e+21 2.37997e+13 4.0973e-14 -3.93334e-07 -3.9289e-07 0.000356591 0.0019042 2.97403e-22 0.997739 0 0 1.11688e+33 
-14.5455 8.95881e+21 8.95261e+21 2.92629e+13 3.34866e-14 -4.8127e-07 -4.80605e-07 0.000436201 0.00232932 6.66915e-22 0.997234 0 0 9.12575e+32 
-14.3434 1.09627e+22 1.09535e+22 3.59473e+13 2.73696e-14 -5.88831e-07 -5.87837e-07 0.000533525 0.00284902 1.49536e-21 0.996617 0 0 7.45642e+32 
-14.1414 1.34145e+22 1.34006e+22 4.41253e+13 2.23716e-14 -7.20382e-07 -7.18895e-07 0.000652472 0.0034842 3.35246e-21 0.995863 0 0 6.09245e+32 
-13.9394 1.64138e+22 1.6393e+22 5.413e+13 1.82878e-14 -8.81249e-07 -8.79025e-07 0.000797804 0.00426027 7.51461e-21 0.994942 0 0 4.97797e+32 
-13.7374 2.00827e+22 2.00516e+22 6.63682e+13 1.4951e-14 -1.07793e-06 -1.07461e-06 0.000975306 0.00520814 1.68407e-20 0.993817 0 0 4.06736e+32 
-13.5354 2.45702e+22 2.45236e+22 8.13367e+13 1.22246e-14 -1.31834e-06 -1.31337e-06 0.001192 0.00636528 3.77315e-20 0.992443 0 0 3.32332e+32 
-13.3333 3.0058e+22 2.99885e+22 9.96422e+13 9.99693e-15 -1.61212e-06 -1.60471e-06 0.00145639 0.00777714 8.45113e-20 0.990766 0 0 2.71538e+32 
-13.1313 3.67681e+22 3.66642e+22 1.22025e+14 8.17671e-15 -1.971e-06 -1.95995e-06 0.00177876 0.00949859 1.89218e-19 0.988723 0 0 2.21864e+32 
-12.9293 4.49711e+22 4.48158e+22 1.49387e+14 6.68944e-15 -2.40924e-06 -2.39277e-06 0.0021715 0.0115958 4.23461e-19 0.986233 0 0 1.81277e+32 
-12.7273 5.49964e+22 5.47645e+22 1.82828e+14 5.47422e-15 -2.9441e-06 -2.91958e-06 0.00264947 0.0141482 9.47157e-19 0.983202 0 0 1.48114e+32 
-12.5253 6.72452e+22 6.68991e+22 2.23685e+14 4.48127e-15 -3.59651e-06 -3.56006e-06 0.00323047 0.0172507 2.11708e-18 0.979519 0 0 1.21018e+32 
-12.3232 8.22049e+22 8.16889e+22 2.73586e+14 3.66993e-15 -4.39173e-06 -4.33763e-06 0.00393563 0.0210163 4.72819e-18 0.975048 0 0 9.88775e+31 
-12.1212 1.00467e+23 9.96987e+22 3.34502e+14 3.00698e-15 -5.36018e-06 -5.28005e-06 0.00478996 0.0255784 1.05492e-17 0.969632 0 0 8.07873e+31 
-11.9192 1.22749e+23 1.21606e+23 4.08827e+14 2.46528e-15 -6.53837e-06 -6.41996e-06 0.00582271 0.0310933 2.35084e-17 0.963084 0 0 6.60062e+31 
-11.7172 1.49918e+23 1.48219e+23 4.99451e+14 2.02263e-15 -7.96996e-06 -7.79548e-06 0.00706785 0.0377423 5.23111e-17 0.95519 0 0 5.39289e+31 
-11.5152 1.83017e+23 1.80498e+23 6.09858e+14 1.66092e-15 -9.70688e-06 -9.45071e-06 0.00856423 0.045733 1.16199e-16 0.945703 0 0 4.40608e+31 
-11.3131 2.23303e+23 2.19576e+23 7.4424e+14 1.36532e-15 -1.18106e-05 -1.14361e-05 0.0103556 0.0552992 2.57574e-16 0.934345 0 0 3.59979e+31 
-11.1111 2.72281e+23 2.6678e+23 9.07612e+14 1.12375e-15 -1.43536e-05 -1.38087e-05 0.0124904 0.0666988 5.69521e-16 0.920811 0 0 2.94098e+31 
-10.9091 3.31743e+23 3.23648e+23 1.10596e+15 9.26292e-16 -1.74203e-05 -1.66323e-05 0.0150204 0.0802088 1.25552e-15 0.904771 0 0 2.40269e+31 
-10.7071 4.03817e+23 3.91948e+23 1.34637e+15 7.64878e-16 -2.11088e-05 -1.99772e-05 0.0179993 0.0961163 2.75808e-15 0.885884 0 0 1.96286e+31 
-10.5051 4.9101e+23 4.73682e+23 1.63721e+15 6.32898e-16 -2.55322e-05 -2.39207e-05 0.0214801 0.114704 6.03386e-15 0.863816 0 0 1.60349e+31 
-10.303 5.96259e+23 5.71086e+23 1.98828e+15 5.24951e-16 -3.08196e-05 -2.85465e-05 0.0255111 0.136229 1.3137e-14 0.838259 0 0 1.30987e+31 
-10.101 7.22973e+23 6.86616e+23 2.41096e+15 4.36623e-16 -3.71183e-05 -3.39473e-05 0.0301313 0.160901 2.84443e-14 0.808967 0 0 1.06995e+31 
-9.89899 8.75078e+23 8.22918e+23 2.91833e+15 3.64304e-16 -4.45948e-05 -4.02267e-05 0.0353645 0.188846 6.12002e-14 0.775789 0 0 8.73934e+30 
-9.69697 1.05705e+24 9.82784e+23 3.52532e+15 3.05044e-16 -5.34388e-05 -4.75065e-05 0.041213 0.220077 1.30746e-13 0.73871 0 0 7.13776e+30 
-9.49495 1.27394e+24 1.1691e+24 4.2488e+15 2.56431e-16 -6.38667e-05 -5.59358e-05 0.047652 0.254462 2.7713e-13 0.697886 0 0 5.82923e+30 
-9.29293 1.53139e+24 1.38476e+24 5.10755e+15 2.16494e-16 -7.61294e-05 -6.57075e-05 0.0546254 0.2917 5.8238e-13 0.653675 0 0 4.76014e+30 
-9.09091 1.83561e+24 1.63266e+24 6.12233e+15 1.83622e-16 -9.05226e-05 -7.70777e-05 0.0620441 0.331315 1.21261e-12 0.606641 0 0 3.88671e+30 
-8.88889 2.19341e+24 1.9156e+24 7.31581e+15 1.565e-16 -0.000107403 -9.03917e-05 0.0697883 0.37267 2.50042e-12 0.557542 0 0 3.17315e+30 
-8.68687 2.61214e+24 2.23631e+24 8.71253e+15 1.34057e-16 -0.000127206 -0.000106112 0.0777141 0.414993 5.10432e-12 0.507293 0 0 2.59023e+30 
-8.48485 3.09969e+24 2.59745e+24 1.03388e+16 1.15418e-16 -0.000150479 -0.000124849 0.0856632 0.457441 1.03143e-11 0.456895 0 0 2.11406e+30 
-8.28283 3.66451e+24 3.0017e+24 1.22229e+16 9.98743e-17 -0.000177906 -0.000147388 0.0934755 0.499159 2.06326e-11 0.407365 0 0 1.72512e+30 
-8.08081 4.31559e+24 3.45184e+24 1.43946e+16 8.685e-17 -0.000210352 -0.000174722 0.101002 0.539349 4.08689e-11 0.359649 0 0 1.40746e+30 
-7.87879 5.06249e+24 3.9509e+24 1.6886e+16 7.58795e-17 -0.000248906 -0.000208081 0.108114 0.57733 8.01967e-11 0.314555 0 0 1.14803e+30 
-7.67677 5.91543e+24 4.50228e+24 1.97311e+16 6.65868e-17 -0.000294931 -0.000248969 0.114715 0.612578 1.55992e-10 0.272708 0 0 9.3619e+29 
-7.47475 6.88538e+24 5.1099e+24 2.29665e+16 5.8669e-17 -0.000350128 -0.000299214 0.120738 0.64474 3.00978e-10 0.234522 0 0 7.6323e+29 
-7.27273 7.98413e+24 5.77832e+24 2.66316e+16 5.18823e-17 -0.000416603 -0.000361022 0.12615 0.673638 5.76481e-10 0.200212 0 0 6.22036e+29 
-7.07071 9.2245e+24 6.51286e+24 3.0769e+16 4.60309e-17 -0.000496953 -0.000437066 0.130945 0.699247 1.09698e-09 0.169808 0 0 5.06793e+29 
-6.86869 1.06205e+25 7.31967e+24 3.54254e+16 4.09571e-17 -0.00059437 -0.000530582 0.135143 0.721663 2.07544e-09 0.143194 0 0 4.12747e+29 
-6.66667 1.21873e+25 8.20585e+24 4.06518e+16 3.6534e-17 -0.000712769 -0.000645502 0.138778 0.741074 3.90703e-09 0.120148 0 0 3.36015e+29 
-6.46465 1.39418e+25 9.17946e+24 4.65043e+16 3.26591e-17 -0.000856941 -0.000786617 0.141896 0.757727 7.32329e-09 0.100376 0 0 2.73424e+29 
-6.26263 1.59027e+25 1.02497e+25 5.3045e+16 2.9249e-17 -0.00103275 -0.00095977 0.144551 0.7719 1.36761e-08 0.0835494 0 0 2.22381e+29 
-6.06061 1.80903e+25 1.14267e+25 6.03421e+16 2.62361e-17 -0.00124736 -0.0011721 0.146794 0.78388 2.54601e-08 0.0693259 0 0 1.80765e+29 
-5.85859 2.05275e+25 1.27222e+25 6.84717e+16 2.35646e-17 -0.00150955 -0.00143234 0.148679 0.793948 4.72729e-08 0.0573723 0 0 1.46845e+29 
-5.65657 2.32394e+25 1.41488e+25 7.75177e+16 2.11885e-17 -0.00183002 -0.00175117 0.150256 0.802369 8.75795e-08 0.0473748 0 0 1.19208e+29 
-5.45455 2.6254e+25 1.57209e+25 8.75732e+16 1.90696e-17 -0.00222191 -0.00214167 0.15157 0.809383 1.61954e-07 0.0390473 0 0 9.66975e+28 
-5.25253 2.96022e+25 1.74543e+25 9.87415e+16 1.71758e-17 -0.00270124 -0.00261984 0.15266 0.815205 2.99029e-07 0.0321342 0 0 7.83698e+28 
-5.05051 3.33183e+25 1.93665e+25 1.11137e+17 1.54799e-17 -0.00328764 -0.00320527 0.153563 0.820025 5.5142e-07 0.0264114 0 0 6.34542e+28 
-4.84848 3.74403e+25 2.14769e+25 1.24887e+17 1.39589e-17 -0.00400512 -0.00392193 0.154308 0.824006 1.01577e-06 0.021685 0 0 5.13213e+28 
-4.64646 4.20106e+25 2.38068e+25 1.40132e+17 1.25927e-17 -0.00488306 -0.00479918 0.154923 0.827287 1.86951e-06 0.0177889 0 0 4.14572e+28 
-4.44444 4.70757e+25 2.63802e+25 1.57027e+17 1.13643e-17 -0.0059574 -0.0058729 0.155428 0.829986 3.43837e-06 0.0145823 0 0 3.34425e+28 
-4.24242 5.26874e+25 2.9223e+25 1.75745e+17 1.02588e-17 -0.00727212 -0.00718701 0.155843 0.832204 6.32004e-06 0.0119467 0 0 2.69347e+28 
-4.0404 5.8903e+25 3.23644e+25 1.96479e+17 9.26305e-18 -0.00888102 -0.0087952 0.156184 0.834022 1.16112e-05 0.00978275 0 0 2.16544e+28 
-3.83838 6.57861e+25 3.58362e+25 2.19438e+17 8.36563e-18 -0.0108499 -0.010763 0.156462 0.835509 2.13235e-05 0.00800752 0 0 1.73736e+28 
-3.63636 7.34069e+25 3.96739e+25 2.44859e+17 7.55642e-18 -0.0132593 -0.0131704 0.156689 0.83672 3.91468e-05 0.00655226 0 0 1.39064e+28 
-3.43434 8.18432e+25 4.39163e+25 2.72999e+17 6.82645e-18 -0.0162074 -0.0161145 0.156872 0.837696 7.18475e-05 0.00535996 0 0 1.1101e+28 
-3.23232 9.1181e+25 4.86065e+25 3.04147e+17 6.16775e-18 -0.0198141 -0.0197124 0.157017 0.838468 0.000131832 0.00438354 0 0 8.83376e+27 
-3.0303 1.01515e+26 5.37914e+25 3.38619e+17 5.57325e-18 -0.0242254 -0.024104 0.157125 0.839049 0.000241841 0.00358418 0 0 7.00392e+27 
-2.82828 1.12952e+26 5.95222e+25 3.76766e+17 5.03665e-18 -0.0296175 -0.0294524 0.157197 0.83943 0.000443543 0.00292988 0 0 5.52929e+27 
-2.62626 1.25605e+26 6.58542e+25 4.18974e+17 4.55237e-18 -0.036202 -0.0359388 0.157223 0.83957 0.000813237 0.00239434 0 0 4.34297e+27 
-2.42424 1.39604e+26 7.2845e+25 4.65667e+17 4.11549e-18 -0.0442272 -0.0437448 0.157185 0.839369 0.00149046 0.0019559 0 0 3.39045e+27 
-2.22222 1.55086e+26 8.05519e+25 5.1731e+17 3.72173e-18 -0.0539747 -0.0530021 0.157046 0.838627 0.0027299 0.00159671 0 0 2.6274e+27 
-2.0202 1.72202e+26 8.90254e+25 5.74402e+17 3.36749e-18 -0.0657383 -0.0636725 0.156736 0.836968 0.00499454 0.00130206 0 0 2.01774e+27 
-1.81818 1.91109e+26 9.82951e+25 6.37472e+17 3.04992e-18 -0.0797659 -0.0752754 0.156123 0.833697 0.00912019 0.00105972 0 0 1.53217e+27 
-1.61616 2.11969e+26 1.08342e+26 7.07053e+17 2.76709e-18 -0.0961183 -0.086299 0.154975 0.827569 0.0165962 0.000859513 0 0 1.1469e+27 
-1.41414 2.34929e+26 1.19047e+26 7.83638e+17 2.51828e-18 -0.114354 -0.0930221 0.152885 0.816408 0.0300137 0.000692818 0 0 8.42674e+26 
-1.21212 2.60093e+26 1.30092e+26 8.67576e+17 2.30447e-18 -0.13289 -0.0874339 0.149174 0.796588 0.0536853 0.000552344 0 0 6.03964e+26 
-1.0101 2.8747e+26 1.40811e+26 9.58897e+17 2.12904e-18 -0.14786 -0.0545111 0.142801 0.762556 0.0942111 0.000432027 0 0 4.18311e+26 
-0.808081 3.16885e+26 1.50007e+26 1.05701e+18 1.99853e-18 -0.151549 0.0284293 0.132417 0.707107 0.160149 0.000327332 0 0 2.75798e+26 
-0.606061 3.47856e+26 1.55881e+26 1.16032e+18 1.92322e-18 -0.131509 0.182739 0.116834 0.623894 0.259035 0.000235982 0 0 1.68573e+26 
-0.40404 3.79505e+26 1.56398e+26 1.26589e+18 1.91685e-18 -0.0731027 0.403787 0.0960978 0.513162 0.390581 0.000158594 0 0 9.03318e+25 
-0.20202 4.10597e+26 1.50289e+26 1.3696e+18 1.99478e-18 0.0328251 0.641816 0.0725047 0.387175 0.540223 9.77691e-05 0 0 3.57555e+25 
0 4.39812e+26 1.38108e+26 1.46705e+18 2.17132e-18 0.182917 0.832632 0.05 0.267 0.682945 5.50896e-05 0 0 0 
